NaiveBayes:0.9614349775784753
LogReg:0.9659192825112107
LinearSVM:0.9856502242152466
BEST PARAM:{'C': 10}